10100110011011101000101101110111110001100
00101010111100010100010110100011010001010
10100110111110110101111010010001100010100
00000101111000110110110100010110000110001
11001000110001001000000010010111110100100
11000110000111001100010001101111110111101
11001011101101100010010001011111010010000
01001111010100011000001100010010110111110
11001110100011100101000110011000010101010
00100001011111111100110111111111110010100
10100110010011011001000010001010001111010
01011101101101010111000101010001110000100
10111010100111010001100011010010100000011
00010101101010001000101111100001100010100
11111010001001101010000010100101000010111
11110110111011010110111111001110101000001
10001100111011001001001111001110111001001
10010001100110111111110001001011000101110
00010101100101011000100010100001001101011
11001101111000110011011011010111000010110
11001101110100010110010011000101000101111
11100001101111100101111001110011001111000
00111100010011001000010010011111001100001
01110111001100101101011001010000010100010
11010110100001011101110010100010101001111
01100111000110000101000010101000011101110
11100011100101100101111101101010111110111
01010110001010111110100011011111101100100
00010101110101001011111010011101010101110
10100100011000100111011001100000010101111
10111011100010111000111100010000010100110
00011110100000101110010001110110000011110
11111100111111001011110110110110010101111
10110001010011010000011100000100001110111
10101000011110100100100110110001100001111
10011010100001010110111000100001111100001
11110110101011000011001100010110110100001
01101100111010010100110101011000110011111
10011111010011110010101100110001010010100
00110111101000101100110100100000101110000
00110001100111101100100110001101100110010
