1011111111101111101100110001011010111100000010000111100010111100100110101111101010110001111000001111
1101111111111001000001100110111000111000001001001001010110010011001000111000010111100010101001010111
0100110001111001110010000110011000110100000111010110000000010010100101001101011101001110101111111111
1111111011111000011101010100101110100100000100100101110010111110101010011101011011101001000110011110
0010010100110111100100111101011010010011111001011100110000101011111000100011010011010010001101010010
0111011101001100101011011101110100001000000100111101011111001001011111010111010101000001000010001011
1111100000110101101111001110110101101001011001000011011011010001111001110000010110110111011001010001
0000111101010110110101001011000001100100101111010011011001000001011001001010010111010110000111111010
0010001010101100001111011011011001101001111100111110101010100100111000011001110011000101111011101110
0001101000111101001010011010100100010100000100100101000011011011111011100111100000111011011100001010
1011010001111100010111110101101110111010001001000010110111000101101010011010000010110111101111101101
0010101101101101011011011100110011100101110101111110000011100011100001101110010001011111100101110110
1111111101110110100100011011000001011110010000000111101000000000100011010111010100011001001111100101
1110111011101101011101100001010011100010100111111001111111100010110010001001100110100000100000111101
0010011010111110101001001100001000001101010000010110110111111101111000011000010111110101110011010000
0000000010110010100000011001111010011011000100101001010111110010101011001010111111010010001110100110
0000110000101001111100010011100000001010000011000111001110100111101010100010110001110010010100011001
1001100110100111001110010111110010001110100011100110001000010010000011100100010110010000000101011010
1001010001000000011000000100111110110000111001011110001011101001111111111001010110011101111101010000
0001110001100011001101001110111011111111101010001001100011001101101001001100111010010010111011111111
0101101101011001000111011100011000100111011010101011111000110101000110001101101011101011101100001100
1110001110101101011000110000000010110100011000000101100110001010110011100011001111011110000110111111
0110101011110111111010001010000011000100010110001000101111010100010111010101010000001101001110000010
1000001110101101000100010001100011101101001010011110101010101100100101001101111100010110101111111010
0001100110110101010100111001010111001100000101001111111001101110101101011101101011011101000101001110
1010010000101100011110000001010111111001011101111011101100000010110010010010110110011111110000010101
1010011110110110011011110010100001111110100001000010100011100110010001110111011111111100100001000111
0101011110101010101010001011100110100001101100011111000001110001011100101100101011000000100011001111
1010000100100011101111111011111011101111111111111011001011101101011110100110000001011110110100000111
0000011100101011100110100010110110101111101000011000110100100111000001100110101110100111010100111001
0000101111101001110010101011010010000100010010101011100001111100001100000111011110011001000001111101
1000110000100000000001000001101111111011110010000100001111111000000110001110100100100000111010010010
1101010101101110111111111101000110110110011011000011100111011000010101100011001101010000011100000101
1111100011100101001000000010110000001000011010010011100010001010110100000111100111011001111110010000
0011011000101010010001001001111110000101010011111010100000010011001110100011110101111100011100110010
0010011010010110010111000100000000101100111011111101110100000001110111110001001010011010100111001011
0101110010000100100101010000011110111010010100010110100101001010011010000100001001010010101111010101
1000101110011110011111011110100110001111001010001101111111110000110100111100100101001100100010000010
0101011110011001011010011101101110101001100101110100001011000110011000100000101010100000110010101000
1001001010010111101010100100001011111000111101101110000011001011011001001011011110101001101101111101
1001010010100001000011101101100000101100100000110010011010100011100111101110001000110111010001011101
1000001001100101111011001010010111101010100011011010110110110011011110111100010011111011000010111010
1111011000100000110100010000100101100000001000011000000111110011100011111100010011100110000001111100
1111001010001111010011011101111110101110011011101100011110010101111110110011110111010110011010100011
0101101111000011010111011100100100110001011000011110011110111100001111000001011110000001100100100001
0101100111000111000101100100010000011100001111001001101001100101011010101010110110000000100011111010
0000001001111100110100100110011111010110010110101101111011001100000111000001110011101100010010010101
0010110010101000100001100011110100000110111110000100001000010000011101111101001001000101100101011111
0101101110001001100111001110100001000001110000010000011000110101001111001100011110111100011000011111
1011100011100101100100100000010011110011111001001001000000101110000011100001110001111100101010110101
1110101001100110001110101110100000010101010011111011101000111010000111011110010010110101101010100000
0100011110101011010000110101110000101100110000110100101110011010001101010101111000011000100100110101
1010001111011110010000101100010100110010001110001101010010000000010110111100000010111100011011111100
1000011111000100000000001010011101100010011111100000110010010011000100000001111101111110100000011010
1100010000111010110111000100010011100110111011100101011001011010110001111101010100110111100111111011
1011001000000111100100011001001110000100010010010111010001111101111110110110000110010100001110010100
0010100000110111111001111001010011110000011101100101011010101111001100110011110011110011110110001100
0100010011001010001100011011000111011111101111111011001011101101110000000111100001000111101000111010
1110011000111101011101001011111100011101000101100110011010011011101010101001010011011010000011111101
0101101111010100110011010000001001111011011001000001101101011111111011101000001010010011000010011010
0111011100100011010110000111010110100011010001001000110100010001111111100101010011001010000001110000
0101011111101111101111110101000100101101110000001101111111011100110101010111100000111111010100100100
0010101111011101000100000010100100101111111000010011001101011110010010000010100100111011101111010111
1100100100101110000111001000101101000001101001110010011010000110111111110110010011100000101101011001
0101010110101010100110000011101101000001101100011011001100101100101000110101110101110010000110111001
0110000110011000000111010101100111111101111101001001101001100111010100010110111111010011011101000110
0110011110111001001101110001001111001101100101001100000011111101110011110010001110010100101100010001
0010101110110000101000000111000000011010000111001000111110000001011100001111001110000110011111110100
1001010010010000100101100110001101111110111001000101111010010100110110100100010110100111101010010101
0110110100000111011110011000111111110010010000101010110111100110110000100111001110111100011111000011
1111101111011011011001100011110110110001100110000110101010000101001001011011111001011111010101011011
1000001110000001010101000010001010111101110110101100101110000110100011101010111101011011010111000000
0111010110110100110000000010010101100110011110010101010010010100011100000110010000110100101001010001
0100111010001000001000000011110111001010001001000111000101110111100010010111011011100000001110010110
1111111000011101001011100010111101001111011001111001100000110000111110001100110111101000101011110011
0000001011100100111110010100100011110010011001100001100000100100000011011101111101101000101110110010
0000001011011000010011100010000001010001101001101111101010110101101101000111010001001100000011110000
0010001110111101110011011110100110100000100110100101000101010101111010100011101111000010010111000101
0011000111011010010011000110010011100100010110011101100011011011001100101010010100100000001010100001
0011011100001111000001011110110111011101111100110110110001000001110011000011011001001111101011010101
1001010010101001100011001000110101010010000001000111001101110110010000010111000100100001111010010110
1110100000100000010010011011001100000000010110100110011000100010010111011001110110001101010001011011
0010010101101100010110001101010110110011110010010110101100101000011110000011110110100101001000011001
0111000111101111111101110101110100110100010110001010011101001111110010110000111101010011010101010100
0000111000001000101111110111101110010101011110011100000100010111000000001011100011011110011100000011
1011011011101111001010011011101000001011101110101101100110001000011010000011111011011011111110000011
0011011000111100010101110110110010100011011110011110011000110101100001110111110100010010000111000101
0110010111101011111010010000000010110011001110110100001101000101011100101011101010101111101001011011
1011000101000101100001010111001101111100110100011011010101011011010100110011010111011001010001110100
1010000001000011011100000010000101101110011110001011100111100110000101111111010100001011101101000110
1100111111011111001110011101001011111001010010011101110100010111011001001011010000111010000010100010
1101100010111001000101000110101100001011111101111011100110010110101100101100010100010001101100001010
0110011010001110001111100011011000100111101111011110010101111011011001010001110100001000011010011001
1011101110011111011010000100011011010010001100010010100111111011101110001111000101110011100111101101
1001101010110110010011000010111110111110100010101100100100100100110100011001000101101000000101101101
1110111010000000101110100110101101001100111010010111010010000010111101001100110011000111000101010110
0011101101110110001001100001010110010011111111101110011110110011001001111101001101101010001110011110
0010001100111110010001100001010111100001101110011111010100001110110000001110100010010011001101010001
0010011001001111011101110011110010100010011110011000000000111010000000101011001010010001011000001110
0000100001111010100011011011111100100100110110000011010001001111101100111011001010000001101001101011
