0001111010011000001000100100111000001000111000111100011011000010010011000000110111101110101010100100
1000100101010011011000100100010001110100011001000110111000110011100110011000000100001011101110010111
0011111110111110010011111000010010000111100101011101100001001000010010110101100000000111010010100100
0010000101100000101100110010001001100000010000101000000010011001100110011011111101101100000001010010
0100001011100110111011001000001111111111010100111000011010000111101101010100011101011001100110101011
0111110010100010011110010111110000100001011111010100100110001000110100100001010001001001000011100110
0101001011001000101110101011101100100101011100011111000110011101100000111100101011101111010110100011
1101111001001001110000001101001110111101010101100110011111010001010100101000011110110000100010110101
0000100101101011110111101100110101001000001100110100100100011111110111100010110001100011100100001011
1111110001101001110011010101011010100010000011001010000000011010000110000110101000101010011010111010
0010001110011011101101110000111011111110001000110101011000011111010100010000111111110010000100100011
0011011110111001010101011110100010100000111001001011111001010101011011011101001010011100100000111010
1000011010100011100001110110000101111001100011000010001000111011010010111000000011100100001110101000
1010100000111111010110100010101011010010111100110001010011101100011110100010111110100100001110111011
1000111101000111110111000001010111110111001000100100001000011111111011111100001111101011111110111110
0110011110110001111101000001001100111010010011001000010001010001111110100001111111011001111101000100
0111101000010110101110000011111001100000101101000110110110000001101110101000110000110011010100000010
0110011100100010101011111001100101101011100100101000101100011110111011111101110111010111010111001011
0010011111101111010000110100001001101101011101010101110011000011010001010101001010100011010111011111
1101100110000001011101101010100101010101100010100101100011001001101001000100010101001010000001001000
0011100111000011110111011010001001110110001001110110110001001111100110000011111101101110110001000001
0111010001101101001100000011110000110011001101100010001010010111011110011100011000101010110111101110
1010111011111110111011000111111101110001011101111001100011101110000110010111111100100001101111111011
1000011011110110100000110001010001111101100001011101010100101001000110011001111001110010010111110001
1011100010101011001010100011101001101101011000100110110011101001011010101000010010100011110100110111
0111111100110010010111110011101011010001111100110110011110101110101111001110110110001100011100011001
1001000010111100111111110000000101001011000011010000110101000010111000110100001111010110111010011010
1100101110100000010011001100000100100001101011011101110000100111001110010110001011000111010100010001
0111101011011011011000101000011000111110111000011100100011001011110001100010011111111000111011101010
1001010101100100010010101111110011111100000100101101110010100000000110111010110111010101000001100111
0010100110001101011001100000011100001010000100111011110001001010011011101101100110101011000100111111
1010101001000000101001101110111010100000100111001111011010110111100001100001010011011111111111111010
1011100001100100001000110000000110011110000001010011111001010001000100101111101010100001100010111001
1000010110000111001101111000001010101001000111000110100000000100000111100101001100101001010011111100
1101100011110001000110010010100011001011101000001100011010111110110010111110110101101111001101111111
1000110001011101111110010010011001011010011110010001000001000000110101110000110111100100010001001000
1101001111111110001111100001101101001111011111111011001001111110110110011100110110001010010100100101
1011001001111100111110110010000011111000110011010000110001100011000100100001100001110000110100100101
1011110101001111111010001100011110010011010110111010011000010110111101010110001011111001000000111110
1000010110001011101111100010111101011010101111110111011010011010000001101000110100001111110001110001
0110010011111110111110110000000000001111000011000111100001000000100011101011110101100111111010010010
0000110011101011111101111111010100111001001110001100101110010011010100100011000011001110000111001101
0111101001111000000111001010101100011101100011100110100010011101010011000011011111010110010100101110
1000000011010010111001001101001001101101000110100000011101110100011000100001011101001110100011111000
0000000011010001101001111100010110010010010001010110001010000100011011101101001010010001011000101100
1110000000001101100111100111110001110110100111100000100010100100110000111100110000011111010111011010
1011110010001011001010100001011100000001101000001001000011010010100000001000110010101000110000010101
0011100010011101101101101111110000010001000010010010011000110101100111110111110001111000110001100000
1011001010110000000110100100100001000100111100100110110111111100101110011111101100101010000001110101
1100100010101101000100011110100001111001110110000010101100101001000000011001101000010000101110010000
1110001111111111011101001000000100110010100010100010010111001100000100111011101111011111110111011100
1100000010100011111101010100000100111010000111111011111011110010000101001010001001111000110100111111
0001000000011000110100001000011000000011001010010111001100101100100010000100110100000111101101010010
0111001011101100111101011010111101000111001001010111100110001101110101001111000110100110101011001001
1110010101100011110000101010010011011111101101010110110110000001011001101111011100011001010111011000
0110010001111110101110111011111001010100111010010111111000111100100001100011101101011000000011111010
0010000010111100111000010010001110010111001110000101000000111100001111101011110000110001101011010101
0011001100110010100101100010001100110111110111101100100010111100110001100001001101000100001000000011
0101100010100010101110010011110011100000100110001011111111011110010001000000111001110011101111011110
1100111111010011100010000111011111111010111100101110000010010011110000011111100001110100000100000000
1100001100110011101001000010111100110100001011000001101110001011111000011111001100000100011011000100
1001101101111110110001110110101000010001111001011010001111000010100110000000001110010101001011010010
0011101111110110110001011110110100001111001110011000110100010111101110010111101011111000000100111101
0001101100110000010101100111011110001010001011110101100011110010010001000011001110100011000101001100
0111010010010000001101101101101001001010001100110010101001010010011101110100100000111000111001010010
1111000100111100000111100111111010101000111101111111110101010001101000010100000111100001101011111011
1000110011010011110001010101001001011000100000011001100110001011100000100001011011110001011001111111
1011110011011110100110111010010110001011010000110000011101110111010110101011011011011000100011011010
1010011110001000110011100011001010110000001001010110101001001100001001100010111011011001110010011011
0101110011110111010010011001000100111100100001000010101110101110000111010011011010101110111000100000
1001001011110010111100011111001001010111111100111011100000010001100001110000101010010100010110111101
0111100000011111110010000100100000010100000110010101000000000001111001110001101011000110011111101010
1001001100010011011100010011110111010110010011011100100101100110001001010110100011100110001111111101
0001010001001011000011000100001100001100011111001010010100110001001001111111000001000111010110001110
1101100010010010001111011110010000100010000111110011010100000000010011011101010000111110101100001111
0100001011000110100001001100010100101100100101101010010000000111011011101110001111001101100011011010
0001110011101110111110011010011011011001011111101001001100101110001001111101111000100011010111110001
1100111001011111101001001110011110000010101011101001001100010100101000111100001100110111011011111101
0011100101110011000001101101010010110111001101100001010101100010011000100110011001010000010000100001
0000110100010011010111010101001100110011000011101110011011000011101001111110100011010010010000000100
1100101100000001011110010110011111000111101000011100111111000100111010011110111111101101110011100100
1011000000001110001010100000110110101011000111110110110101101111001110011110100111000000011011100000
0110010101101001100010100000001000010010100000111001111010001001001011111100110010000011100111100100
1111010111110001111011111001001111110010011011010111101001001000101011101000000111001001110011101011
1101100010111101111010110001110010001000111011111010000010100100000001101001010000110110001000110001
0011111000011101010110010111100000001110101001010010000100101100110101101101001011111001110000101110
0010101111011101110001000101101110001111111111110110100110100011001101010001001011110111000111111010
0010000000001001110100110001000100100010101010101110110010111010111101101001001111010101000000111001
0011100110010010011101010000100011101000010111101010011111000110010111000010110001000000111100011101
0101111000111100001100000111111001111011111111010010110000101001111110010010110111010110000001110001
1110110101100100100001100100111010101110010101010011110111000011100000100001110000000001001101001111
0001000001101010001110001101011011110000001101101100111111010010010101001111011001100110000011110110
0000001001011011111111011111001100001111000100100110001001001110000100000011101111011101110101110000
0010111100101101000101100010000011000101011100100000011101110010000000000000110101100011011010010101
0010111101110110100100101101111101111001111111000111100111001011011011000111011110010001101010111110
1010000010011100110111111111110111000010010000100110101100001100101001001000011101010011000101010100
0111111111110001110111001011111001011000011101001011010110111001110100010101101100011001010000100001
1001001000000000101010110000110011011100100111011111000011001101001011110101100100111111001101100101
0101101110001010010000100000101000010100010111001111010001101000010110101011011000010000100001010110
0101101001001111010011100111000010000010110011000100101000110010001001101101011000111001010100000010
